CAMUNDONGO
Código do aminoácido|         Nome do aminoácido|Número de ocorrências|Posições de ocorrências
                   A|                    Alanine|                   40|7,19,43,62,76,79,81,97,110,124,134,159,227,231,253,257,271,273,292,331,337,361,386,389,406,416,423,432,441,470,476,484,498,502,509,515,522,527,528,532
                   B|Aspartic acid or Asparagine|                    0| 
                   C|                   Cysteine|                    5|234,382,398,431,466
                   D|              Aspartic acid|                   37|2,5,9,24,36,53,58,65,90,125,129,141,145,158,179,181,186,204,209,228,241,260,262,267,301,311,339,352,364,394,401,434,444,475,491,495,505
                   E|              Glutamic acid|                   25|16,59,67,71,86,101,119,140,193,230,252,259,291,293,332,334,348,418,425,443,459,460,461,467,510
                   F|              Phenylalanine|                   31|56,64,82,85,100,113,133,137,154,155,162,165,187,200,202,222,236,269,282,289,295,297,300,330,338,360,414,438,452,479,489
                   G|                    Glycine|                   36|29,30,31,35,44,47,78,80,83,104,118,122,132,142,148,206,210,216,218,229,244,251,254,264,275,318,346,357,372,395,404,405,471,497,523,530
                   H|                  Histidine|                   20|63,75,89,102,167,176,196,211,213,220,237,309,367,369,400,427,472,493,517,525
                   I|                 Isoleucine|                   21|34,40,69,91,103,109,153,156,160,166,207,245,272,284,315,347,378,469,480,500,516
                   K|                     Lysine|                   32|12,15,37,77,96,98,105,136,170,178,223,235,239,246,290,305,310,319,324,353,436,455,463,474,482,483,486,506,511,513,529,531
                   L|                    Leucine|                   31|26,38,49,50,146,161,177,190,195,201,224,248,256,265,268,302,314,320,322,355,359,371,376,424,457,465,473,478,503,504,534
                   M|                 Methionine|                   13|0,11,41,61,183,214,287,336,343,354,397,399,526
                   N|                 Asparagine|                   32|32,39,143,149,150,172,215,226,247,270,274,276,298,323,325,328,342,374,381,390,402,408,412,439,442,445,458,468,488,508,514,533
                   P|                    Proline|                   37|6,23,33,48,70,108,130,152,163,173,180,192,208,249,261,278,296,299,308,313,316,326,340,344,345,349,351,363,373,379,383,396,407,411,417,494,512
                   Q|                  Glutamine|                   24|10,13,17,21,52,169,174,197,242,258,285,335,356,377,392,403,419,420,430,448,477,481,501,521
                   R|                   Arginine|                   31|4,18,22,46,66,68,72,93,106,112,128,131,157,171,191,205,212,255,266,358,368,370,385,387,393,421,437,450,462,464,499
                   S|                     Serine|                   25|1,3,8,20,45,95,114,120,123,164,168,189,194,199,203,219,279,341,350,413,415,422,428,440,524
                   T|                  Threonine|                   26|27,28,42,57,88,92,107,115,117,126,139,151,175,221,240,281,288,294,303,366,447,451,454,490,518,520
                   V|                     Valine|                   34|25,51,54,55,73,74,87,99,111,116,127,135,147,184,198,225,232,250,286,306,317,321,327,333,380,388,429,433,435,446,449,456,485,492
                   W|                 Tryptophan|                    6|14,144,185,188,280,307
                   X|                    Unknown|                    0| 
                   Y|                   Tyrosine|                   21|84,94,138,217,233,238,263,277,283,312,329,362,375,384,391,409,410,453,496,507,519
                   Z| Glutamic acid or Glutamine|                    0| 

CÃO
Código do aminoácido|         Nome do aminoácido|Número de ocorrências|Posições de ocorrências
                   A|                    Alanine|                   41|1,7,19,20,43,62,76,79,81,97,110,117,124,134,159,227,228,231,253,254,271,273,292,331,337,361,386,389,406,416,441,470,476,484,498,502,509,515,527,528,532
                   B|Aspartic acid or Asparagine|                    0| 
                   C|                   Cysteine|                    6|234,382,398,422,431,466
                   D|              Aspartic acid|                   37|2,5,9,24,36,53,58,65,90,125,129,141,145,158,179,181,186,204,209,241,252,260,262,267,301,311,339,352,364,394,401,434,444,475,491,495,505
                   E|              Glutamic acid|                   25|16,59,67,71,86,101,119,140,193,230,251,259,293,332,334,348,418,425,443,459,460,461,467,510,530
                   F|              Phenylalanine|                   33|56,64,82,85,100,113,133,137,154,155,162,165,187,200,202,222,236,269,282,289,295,297,300,330,338,360,384,414,438,452,479,489,519
                   G|                    Glycine|                   34|29,30,31,35,44,47,78,80,83,104,118,122,132,142,148,206,210,216,218,229,244,264,275,318,346,357,372,395,404,405,458,471,497,523
                   H|                  Histidine|                   21|63,75,89,102,167,176,196,211,213,220,237,258,309,367,369,427,472,493,517,522,525
                   I|                 Isoleucine|                   21|34,69,91,103,109,153,156,160,166,207,245,272,284,306,315,347,378,469,480,500,516
                   K|                     Lysine|                   29|12,15,22,37,77,93,96,98,105,136,170,178,223,235,239,246,305,319,353,455,463,474,482,483,486,506,511,513,531
                   L|                    Leucine|                   35|13,26,38,49,50,146,161,177,190,195,201,224,248,256,265,268,302,314,320,322,355,359,371,376,400,424,454,457,465,473,478,503,504,526,534
                   M|                 Methionine|                   13|0,11,41,61,183,214,287,336,343,354,397,399,520
                   N|                 Asparagine|                   30|32,39,143,149,150,172,215,226,247,270,276,298,323,325,328,342,374,381,390,402,408,412,439,442,445,468,488,508,514,533
                   P|                    Proline|                   38|6,23,33,45,48,70,108,130,152,163,173,180,192,208,261,278,296,299,308,313,316,326,340,344,345,349,351,363,373,379,383,396,407,411,417,433,494,512
                   Q|                  Glutamine|                   25|10,17,21,52,169,174,197,242,285,291,310,335,356,377,392,403,419,420,430,436,448,477,481,501,521
                   R|                   Arginine|                   31|4,18,46,66,68,72,106,112,128,131,157,171,191,205,212,255,266,324,358,368,370,385,387,393,421,437,450,462,464,499,529
                   S|                     Serine|                   27|3,8,95,114,120,123,164,168,189,194,199,203,219,249,257,279,290,341,350,413,415,428,429,432,440,490,524
                   T|                  Threonine|                   23|27,28,42,57,88,92,107,115,126,139,151,175,221,240,274,281,288,294,303,366,447,451,518
                   V|                     Valine|                   33|25,40,51,54,55,73,74,87,99,111,116,127,135,147,184,198,225,232,250,286,317,321,327,333,380,388,423,435,446,449,456,485,492
                   W|                 Tryptophan|                    6|14,144,185,188,280,307
                   X|                    Unknown|                    0| 
                   Y|                   Tyrosine|                   19|84,94,138,217,233,238,263,277,283,312,329,362,375,391,409,410,453,496,507
                   Z| Glutamic acid or Glutamine|                    0| 

GADO-DOMÉSTICO
Código do aminoácido|         Nome do aminoácido|Número de ocorrências|Posições de ocorrências
                   A|                    Alanine|                   38|1,7,19,20,62,76,79,81,97,110,117,124,134,159,227,231,253,254,257,271,273,292,331,337,361,386,389,406,416,423,441,470,476,484,502,515,528,532
                   B|Aspartic acid or Asparagine|                    0| 
                   C|                   Cysteine|                    4|234,382,398,466
                   D|              Aspartic acid|                   37|2,5,9,24,36,53,58,65,90,125,129,141,145,158,179,181,186,204,209,241,252,260,262,267,301,311,339,352,364,394,401,434,443,444,475,491,505
                   E|              Glutamic acid|                   26|16,59,67,71,86,101,119,140,193,230,251,259,291,293,332,334,348,418,425,459,460,467,495,509,510,530
                   F|              Phenylalanine|                   31|56,64,82,85,100,113,133,137,154,155,162,165,187,200,202,222,236,269,289,295,297,300,330,338,360,414,431,438,452,479,489
                   G|                    Glycine|                   35|29,30,31,35,44,47,78,80,83,104,118,122,132,142,148,206,210,216,218,229,244,264,275,310,318,346,357,372,395,404,405,433,471,497,523
                   H|                  Histidine|                   24|13,63,75,89,102,167,176,196,211,213,220,237,258,309,367,369,419,427,430,472,493,517,522,525
                   I|                 Isoleucine|                   18|69,91,103,109,153,156,166,207,245,272,284,294,315,347,378,469,480,500
                   K|                     Lysine|                   28|12,15,22,37,77,96,98,105,136,170,178,223,235,239,246,305,319,353,455,463,474,482,483,486,506,511,513,531
                   L|                    Leucine|                   37|26,38,41,49,50,146,160,161,177,190,195,201,224,248,256,265,268,282,302,314,320,322,336,355,359,371,376,424,454,457,465,473,478,503,504,526,534
                   M|                 Methionine|                   11|0,11,61,183,214,287,343,354,397,399,400
                   N|                 Asparagine|                   33|3,32,39,143,149,150,172,215,226,228,247,270,276,298,323,325,328,342,374,381,390,402,408,412,439,442,445,458,468,488,508,514,533
                   P|                    Proline|                   38|6,23,33,45,48,70,108,130,152,163,173,180,192,208,261,278,296,299,308,313,316,326,340,344,345,349,351,363,373,379,383,396,407,411,417,421,494,512
                   Q|                  Glutamine|                   22|10,17,21,52,169,174,197,242,285,335,356,377,392,403,420,436,448,461,477,481,501,521
                   R|                   Arginine|                   32|4,18,46,66,68,72,93,106,112,128,131,157,171,191,205,212,255,266,324,358,368,370,385,387,393,428,437,450,462,464,499,529
                   S|                     Serine|                   27|8,40,95,114,120,123,164,168,189,194,199,203,219,249,279,290,341,350,413,415,422,432,440,490,498,524,527
                   T|                  Threonine|                   23|27,28,42,57,88,92,107,115,126,139,151,175,221,240,274,281,288,303,366,429,447,451,518
                   V|                     Valine|                   36|25,34,43,51,54,55,73,74,87,99,111,116,127,135,147,184,198,225,232,250,286,306,317,321,327,333,380,388,435,446,449,456,485,492,516,520
                   W|                 Tryptophan|                    6|14,144,185,188,280,307
                   X|                    Unknown|                    0| 
                   Y|                   Tyrosine|                   21|84,94,138,217,233,238,263,277,283,312,329,362,375,384,391,409,410,453,496,507,519
                   Z| Glutamic acid or Glutamine|                    0| 

HUMANO
Código do aminoácido|         Nome do aminoácido|Número de ocorrências|Posições de ocorrências
                   A|                    Alanine|                   42|1,7,19,20,23,30,62,76,79,81,97,110,117,124,134,227,231,253,254,271,273,292,331,337,349,361,386,389,406,416,423,441,451,470,476,484,502,509,515,527,528,532
                   B|Aspartic acid or Asparagine|                    0| 
                   C|                   Cysteine|                    4|234,382,398,466
                   D|              Aspartic acid|                   36|2,5,9,24,36,53,58,65,90,125,129,141,145,158,179,181,186,204,209,241,252,260,262,267,301,311,339,352,364,394,401,443,444,475,495,505
                   E|              Glutamic acid|                   25|16,59,67,71,86,101,119,140,193,230,251,259,293,332,334,348,418,425,434,459,460,467,491,510,530
                   F|              Phenylalanine|                   32|56,64,82,85,100,113,133,137,154,155,162,165,187,200,202,222,236,269,282,289,295,297,300,330,338,360,414,438,452,479,489,519
                   G|                    Glycine|                   34|29,31,35,44,47,78,80,83,104,118,122,132,142,148,206,210,216,218,229,244,264,275,318,346,357,372,395,404,405,415,433,471,497,523
                   H|                  Histidine|                   22|13,63,75,89,102,167,176,196,211,213,220,237,309,367,369,377,427,472,493,499,517,525
                   I|                 Isoleucine|                   24|41,69,91,103,109,153,156,160,166,207,245,265,272,284,315,336,347,378,429,469,478,480,500,516
                   K|                     Lysine|                   30|15,22,37,77,93,96,98,105,106,136,170,178,223,235,239,246,276,305,310,319,353,463,474,482,483,486,506,511,513,531
                   L|                    Leucine|                   30|26,38,49,50,146,161,177,190,195,201,224,248,256,268,302,314,320,322,355,359,371,376,424,457,465,473,503,504,526,534
                   M|                 Methionine|                   10|0,11,61,183,214,287,343,354,397,399
                   N|                 Asparagine|                   33|32,39,143,149,150,172,215,226,228,247,270,290,298,323,325,328,342,374,381,390,402,408,412,439,442,445,455,458,468,488,508,514,533
                   P|                    Proline|                   37|6,33,45,48,70,108,130,152,159,163,173,180,192,208,261,278,296,299,308,313,316,326,340,344,345,351,363,373,379,383,396,407,411,417,421,494,512
                   Q|                  Glutamine|                   26|10,12,17,21,52,169,174,197,242,258,285,291,335,356,392,400,403,419,420,430,448,461,477,481,501,521
                   R|                   Arginine|                   29|4,18,46,66,68,72,112,128,131,157,171,191,205,212,255,266,324,358,368,370,385,387,393,436,437,450,462,464,529
                   S|                     Serine|                   25|3,8,95,114,120,123,164,168,189,194,199,203,219,249,257,279,341,350,413,422,428,432,498,522,524
                   T|                  Threonine|                   24|27,28,42,57,88,92,107,115,126,139,151,175,221,240,274,281,288,294,303,366,440,447,490,518
                   V|                     Valine|                   37|25,34,40,43,51,54,55,73,74,87,99,111,116,127,135,147,184,198,225,232,250,286,306,317,321,327,333,380,388,435,446,449,454,456,485,492,520
                   W|                 Tryptophan|                    6|14,144,185,188,280,307
                   X|                    Unknown|                    0| 
                   Y|                   Tyrosine|                   21|84,94,138,217,233,238,263,277,283,312,329,362,375,384,391,409,410,431,453,496,507
                   Z| Glutamic acid or Glutamine|                    0| 

